#1.gamma 2.mean stab 3. std stab
0.0155  0.967328  0.00737751
0.016   0.905219  0.00422493
0.0165  0.85282   0.00491798
0.0167  0.830185  0.00075717
0.0168  0.821375  0.00146457
0.017   0.800748  0.000845929
0.0172  0.782139  0.000712235
0.0173  0.772935  0.000516044
0.0175  0.75538   0.000793635
0.0177  0.737301  0.000724937
0.0178  0.729219  0.000836892
0.018   0.711964  0.000845549
0.0181  0.703807  0.000920449
0.0182  0.696023  0.000561499
0.0183  0.687711  0.000743967
0.0185  0.672027  0.000674383
0.019   0.635242  0.00069829
0.02    0.56818   0.000453875
0.021   0.508975  0.000486742